10-by-10 image

Displaying horizontal seam calculated.
 112421    38888    53400    37672    49283    51075    59843    67791    28708    65015  
  76151  [ 18695]   74439    64843    78513    31885    56095    16622  [ 29798]   61604  
[ 33491]   49310  [ 24405]   34892    43268    29261    87354  [ 15741]   67079  [ 53723] 
  61768    52198    63629  [ 28306] [ 27215] [ 16175] [ 43875]   41003    52454    53949  
  67612    86349    75355    47443    27434    30859    49894    37941    59218    47210  
  13851    43548    86619    59309    26144    64156    56039    47335    48995    38880  
 112699   101451    49451    58024    57501    48598    67269    72771    69769    40274  
  73663    50716    73297    34992    39038    27419    65073    76667    15387    89147  
  67378    49507    41791    63833    73373    39619   105062     8215    60488    61684  
  74038   105543    46831    47711    31563    30487    31793    15637    52150    57809  

Total energy: 291424

Displaying vertical seam calculated.
 112421    38888    53400    37672    49283    51075    59843    67791  [ 28708]   65015  
  76151    18695    74439    64843    78513    31885    56095  [ 16622]   29798    61604  
  33491    49310    24405    34892    43268    29261    87354  [ 15741]   67079    53723  
  61768    52198    63629    28306    27215    16175    43875  [ 41003]   52454    53949  
  67612    86349    75355    47443    27434    30859    49894  [ 37941]   59218    47210  
  13851    43548    86619    59309    26144    64156    56039    47335  [ 48995]   38880  
 112699   101451    49451    58024    57501    48598    67269    72771    69769  [ 40274] 
  73663    50716    73297    34992    39038    27419    65073    76667  [ 15387]   89147  
  67378    49507    41791    63833    73373    39619   105062  [  8215]   60488    61684  
  74038   105543    46831    47711    31563    30487    31793  [ 15637]   52150    57809  

Total energy: 268523

