10-by-12 image

Displaying horizontal seam calculated.
  39130    44321    66292    47040    63127    38719    71900    23188    60541    58470  
  83276    57896    85720   102741    34430    93403    25502    26120   134498    36223  
  51511    61287    57183    38233   156907    40535   130638    18883   134961    65289  
  80435    54629   107054    60764    88253    26352    98179    47334    28427    90460  
  38173    90253    82713    25654    40974    33631    65269    34274    75112    40532  
  30218    29595   110853    96663    68427    65745   113316    43611    86750    82733  
  60535    50893    93407    65043    84261   109499    28513    94046    95309    47241  
  71390    36515    92404   127938   106258    36155   159388    23830    44592    97536  
[ 46603]   49322    87505    90079    36873   155102    30337    91035    93055    42516  
  77327  [ 49404]   43495    76943    84954  [ 14932]   93853    91557  [ 22531]   57582  
  62530    52430  [ 26203] [ 25559] [ 67144]   70582  [ 14341] [ 34267]   67579  [ 18903] 
  70918    63750    25799    25829    34539    64054    26742    38843   101824    63657  

Total energy: 319887

Displaying vertical seam calculated.
  39130    44321    66292    47040    63127    38719    71900  [ 23188]   60541    58470  
  83276    57896    85720   102741    34430    93403  [ 25502]   26120   134498    36223  
  51511    61287    57183    38233   156907    40535   130638  [ 18883]  134961    65289  
  80435    54629   107054    60764    88253    26352    98179    47334  [ 28427]   90460  
  38173    90253    82713    25654    40974    33631    65269  [ 34274]   75112    40532  
  30218    29595   110853    96663    68427    65745   113316  [ 43611]   86750    82733  
  60535    50893    93407    65043    84261   109499  [ 28513]   94046    95309    47241  
  71390    36515    92404   127938   106258    36155   159388  [ 23830]   44592    97536  
  46603    49322    87505    90079    36873   155102  [ 30337]   91035    93055    42516  
  77327    49404    43495    76943    84954  [ 14932]   93853    91557    22531    57582  
  62530    52430    26203    25559    67144    70582  [ 14341]   34267    67579    18903  
  70918    63750    25799    25829    34539    64054  [ 26742]   38843   101824    63657  

Total energy: 312580

