12-by-10 image

Displaying horizontal seam calculated.
  46075   137016   124284  [ 15309]   85845   142181    62544   130059    31634    63459   100719   104571  
  42670  [ 47535] [ 22411]   59701  [ 80223] [ 23846]  127161  [ 24026] [ 47672]   80424  [ 16330]   56092  
[ 35404]   91500    63408   140387    71656    65003  [ 45355]   30236    72026  [ 39576]  106787  [ 22778] 
  54412    44700   118273    64032    68187    62460    44539    83547    72837   112001    44363    52577  
  83595    77527    40409    63028    84431   205496    34050    53795    70597    65945    36064    35620  
  49659    89889    47608    53072    52580    78242    56315    41294    67094    52900   109104    41678  
  89697    61973   105703    25252    45055    45631    67356    13205    19313    96078    37795    99834  
  44794    86524    39457    37831    34108   106604    88634     9978   117856    71794    63131    56850  
  48743    48388    64267    22759    72114    67226    51823    97255    28405    47249    48174    68254  
  36021    86088    62144    37722    74868    85130    58392    53199   131204    46719    48409    79043  

Total energy: 420465

Displaying vertical seam calculated.
  46075   137016   124284    15309    85845   142181    62544   130059  [ 31634]   63459   100719   104571  
  42670    47535    22411    59701    80223    23846   127161  [ 24026]   47672    80424    16330    56092  
  35404    91500    63408   140387    71656    65003    45355  [ 30236]   72026    39576   106787    22778  
  54412    44700   118273    64032    68187    62460  [ 44539]   83547    72837   112001    44363    52577  
  83595    77527    40409    63028    84431   205496  [ 34050]   53795    70597    65945    36064    35620  
  49659    89889    47608    53072    52580    78242    56315  [ 41294]   67094    52900   109104    41678  
  89697    61973   105703    25252    45055    45631    67356  [ 13205]   19313    96078    37795    99834  
  44794    86524    39457    37831    34108   106604    88634  [  9978]  117856    71794    63131    56850  
  48743    48388    64267    22759    72114    67226    51823    97255  [ 28405]   47249    48174    68254  
  36021    86088    62144    37722    74868    85130    58392    53199   131204  [ 46719]   48409    79043  

Total energy: 304086

