3-by-7 image

Displaying horizontal seam calculated.
[ 44990] [ 30493]   30670  
  80254    86627  [ 30084] 
 125552    55775    39630  
  37801   105720    27850  
  53867    63180    96024  
 102641    78196    58245  
  34588    56193    45860  

Total energy: 105567

Displaying vertical seam calculated.
  44990  [ 30493]   30670  
  80254    86627  [ 30084] 
 125552    55775  [ 39630] 
  37801   105720  [ 27850] 
  53867  [ 63180]   96024  
 102641    78196  [ 58245] 
  34588    56193  [ 45860] 

Total energy: 295342

