4-by-6 image

Displaying horizontal seam calculated.
  58207    69098    47560    48100  
  17124    75990    30003   110433  
  81917    30002   103046    44604  
  40615  [ 29515]   38273    96535  
[ 16263]   73403  [ 35399] [ 35951] 
 100142    31287   106687    61966  

Total energy: 117128

Displaying vertical seam calculated.
[ 58207]   69098    47560    48100  
[ 17124]   75990    30003   110433  
  81917  [ 30002]  103046    44604  
  40615  [ 29515]   38273    96535  
[ 16263]   73403    35399    35951  
 100142  [ 31287]  106687    61966  

Total energy: 182398

