5-by-6 image

Displaying horizontal seam calculated.
 100951   100687    35013   132538    93094  
  29836    90043    70399    83908    30453  
[ 20522]   97309  [  8903]   95856  [ 33880] 
  57687  [ 87312]   97567  [ 37387]   96981  
  95626    69888    46867    89661    77937  
 120313    27662    52031    94063    66276  

Total energy: 188004

Displaying vertical seam calculated.
 100951   100687  [ 35013]  132538    93094  
  29836    90043  [ 70399]   83908    30453  
  20522    97309  [  8903]   95856    33880  
  57687    87312    97567  [ 37387]   96981  
  95626    69888  [ 46867]   89661    77937  
 120313  [ 27662]   52031    94063    66276  

Total energy: 226231

