6-by-5 image

Displaying horizontal seam calculated.
  57685    50893    91370    25418    33055    37246  
  15421    56334  [ 22808]   54796  [ 11641]   25496  
[ 12344] [ 19236]   52030  [ 17708]   44735  [ 20663] 
  17074    23678    30279    80663    37831    45595  
  32337    30796     4909    73334    40613    36556  

Total energy: 104400

Displaying vertical seam calculated.
  57685    50893    91370  [ 25418]   33055    37246  
  15421    56334    22808    54796  [ 11641]   25496  
  12344    19236    52030  [ 17708]   44735    20663  
  17074    23678  [ 30279]   80663    37831    45595  
  32337    30796  [  4909]   73334    40613    36556  

Total energy: 89955

