7-by-10 image

Displaying horizontal seam calculated.
 118627    15939    92027    45018    27105    56386    87756  
  75471    33688    87351    37595    42270    86799    39837  
  31783    65151    75178    91699    29162    93777   146644  
  97547    64330    66771    30558   151330    53402    81156  
  45641   102319    64212   124683    64154   136499    17803  
  63215    59760   115035    12936    60098    81299    68532  
[ 48588]   79398    86087    67950    40282    51868    89787  
  56173  [ 26041] [  5298] [ 69599]   84314    79634    42398  
  74068    67065    41308    86305  [ 28715]   53307  [ 32327] 
  88528    19019    78268    69946    90136  [ 14164]  117584  

Total energy: 224732

Displaying vertical seam calculated.
 118627    15939    92027    45018  [ 27105]   56386    87756  
  75471    33688    87351  [ 37595]   42270    86799    39837  
  31783    65151    75178    91699  [ 29162]   93777   146644  
  97547    64330    66771  [ 30558]  151330    53402    81156  
  45641   102319    64212   124683  [ 64154]  136499    17803  
  63215    59760   115035  [ 12936]   60098    81299    68532  
  48588    79398    86087  [ 67950]   40282    51868    89787  
  56173    26041  [  5298]   69599    84314    79634    42398  
  74068    67065  [ 41308]   86305    28715    53307    32327  
  88528  [ 19019]   78268    69946    90136    14164   117584  

Total energy: 335085

