7-by-3 image

Displaying horizontal seam calculated.
  49610    60145  [ 38198]   61961  [ 25419] [ 56927] [ 46419] 
 148967  [ 56224]   72240  [ 47940]   70370    85479    48530  
[ 46205]  101860    59918    54819    94326    26140    90779  

Total energy: 317332

Displaying vertical seam calculated.
  49610    60145    38198    61961    25419    56927  [ 46419] 
 148967    56224    72240    47940    70370    85479  [ 48530] 
  46205   101860    59918    54819    94326  [ 26140]   90779  

Total energy: 121089

