9-by-12 image

Displaying horizontal seam calculated.
[195075] [390150] [390150] [390150] [390150] [390150] [390150] [390150]  390150  
 390150   390150   390150   390150   390150   390150   390150   390150  [195075] 
 195075   390150   390150   390150   390150   390150   390150   390150   390150  
 390150   390150   390150   390150   390150   390150   390150   390150   195075  
 195075   390150   390150   390150   390150   390150   390150   390150   390150  
 390150   390150   390150   390150   390150   390150   390150   390150   195075  
 195075   390150   390150   390150   390150   390150   390150   390150   390150  
 390150   390150   390150   390150   390150   390150   390150   390150   195075  
 195075   390150   390150   390150   390150   390150   390150   390150   390150  
 390150   390150   390150   390150   390150   390150   390150   390150   195075  
 195075   390150   390150   390150   390150   390150   390150   390150   390150  
 390150   390150   390150   390150   390150   390150   390150   390150   195075  

Total energy: 3121200

Displaying vertical seam calculated.
[195075]  390150   390150   390150   390150   390150   390150   390150   390150  
[390150]  390150   390150   390150   390150   390150   390150   390150   195075  
[195075]  390150   390150   390150   390150   390150   390150   390150   390150  
[390150]  390150   390150   390150   390150   390150   390150   390150   195075  
[195075]  390150   390150   390150   390150   390150   390150   390150   390150  
[390150]  390150   390150   390150   390150   390150   390150   390150   195075  
[195075]  390150   390150   390150   390150   390150   390150   390150   390150  
[390150]  390150   390150   390150   390150   390150   390150   390150   195075  
[195075]  390150   390150   390150   390150   390150   390150   390150   390150  
[390150]  390150   390150   390150   390150   390150   390150   390150   195075  
[195075]  390150   390150   390150   390150   390150   390150   390150   390150  
[390150]  390150   390150   390150   390150   390150   390150   390150   195075  

Total energy: 3511350

