9-by-12 image

Displaying horizontal seam calculated.
[195075] [195075] [195075] [195075] [195075] [195075] [195075] [195075] [195075] 
 195075   195075   195075   195075   195075   195075   195075   195075   195075  
 195075   195075   195075   195075   195075   195075   195075   195075   195075  
 195075   195075   195075   195075   195075   195075   195075   195075   195075  
 195075   195075   195075   195075   195075   195075   195075   195075   195075  
 195075   195075   195075   195075   195075   195075   195075   195075   195075  
 195075   195075   195075   195075   195075   195075   195075   195075   195075  
 195075   195075   195075   195075   195075   195075   195075   195075   195075  
 195075   195075   195075   195075   195075   195075   195075   195075   195075  
 195075   195075   195075   195075   195075   195075   195075   195075   195075  
 195075   195075   195075   195075   195075   195075   195075   195075   195075  
 195075   195075   195075   195075   195075   195075   195075   195075   195075  

Total energy: 1755675

Displaying vertical seam calculated.
[195075]  195075   195075   195075   195075   195075   195075   195075   195075  
[195075]  195075   195075   195075   195075   195075   195075   195075   195075  
[195075]  195075   195075   195075   195075   195075   195075   195075   195075  
[195075]  195075   195075   195075   195075   195075   195075   195075   195075  
[195075]  195075   195075   195075   195075   195075   195075   195075   195075  
[195075]  195075   195075   195075   195075   195075   195075   195075   195075  
[195075]  195075   195075   195075   195075   195075   195075   195075   195075  
[195075]  195075   195075   195075   195075   195075   195075   195075   195075  
[195075]  195075   195075   195075   195075   195075   195075   195075   195075  
[195075]  195075   195075   195075   195075   195075   195075   195075   195075  
[195075]  195075   195075   195075   195075   195075   195075   195075   195075  
[195075]  195075   195075   195075   195075   195075   195075   195075   195075  

Total energy: 2340900

